$ANSIBLE_VAULT;1.1;AES256
38316263663337316363383332303661623464643135646338343764626462303536636232666365
3331326236336664376564373566643763323265353430380a306639366431393562636466666537
64643863656236356231343866666139336563356366393034343465333137356466663764376530
6131343930326265350a386530666336333462613163656162613231323364333337623764656637
35333738363736333238313662333639666464333761303931323939623764313734623165396433
36363063326462386236316338383539336661316263326133313865376361653337356465646234
32306138646430306662303634363234646361363035356434303130623534636337383563353639
31623865363662353331623332343565656132376437656634343237303434626131353461653137
37663439636331313764656531626636306265396231663936383735653938376663313830663338
34313265626564393564313835663462356564313633306337313264326565366663363232373262
34376439376564386563623034626633363464343964356163643961613662663534376165626630
64623432656136326563393333663063623231313066353937333636653864626461356461363063
37316161653837633633303739316630303137646139363963666235653339363136356131616430
30656365306665323863623563663535366566326365343930386631376136326433643631313032
64333538643166626130363164656462323462333431316166666135373735613462386637373361
64393431363335303662396461373237626234633636343938383033613766666562353637316336
61356636376634333234666430316233383663306531366465646236343062373932613063303064
35363237333164326431633831316333306361336338326466666435326264306434363037666535
30323933633930313332323565613264313535636534313866633831326364653532303339623839
32303135326666663864
